
 200 

 *** 339322905 *** 

 200 

 339322905 

 339322905 

 339322905 

 339322905 

 339322905 

 339322905 

 339322905 

 339322905 

 339322905 

 339322905 

 339322905 

 339322905 

 339322905 

 339322905 

 339322905 

 339322905 

 339322905 

 339322905 

 339322905 

 339322905 

 339322905 

 339322905 

 339322905 

 339322905 

 339322905 

 339322905 

 339322905 

 339322905 

 339322905 

 339322905 

 339322905 

 339322905 

 339322905 

 339322905 

 339322905 

 339322905 

 339322905 

 339322905 

 339322905 

 339322905 

 339322905 

 339322905 

 339322905 

 339322905 

 339322905 

 339322905 

 339322905 

 339322905 
